  0.52  0.53  0.59  0.75  1.07  1.16  1.17  1.30  1.36  1.33  1.29  1.27  1.13  0.98  0.95  0.95  0.94  0.94  1.03  1.05  0.65  0.09  0.00
  0.52  0.53  0.63  0.79  0.98  1.08  1.18  1.29  1.42  1.50  1.46  1.33  1.17  1.03  0.95  0.96  0.97  0.98  1.02  0.90  0.52  0.10  0.00
  0.52  0.45  0.59  0.80  1.00  1.10  1.17  1.31  1.51  1.68  1.66  1.46  1.30  1.12  0.93  0.95  1.02  1.03  0.94  0.71  0.39  0.11  0.00
  0.52  0.32  0.51  0.79  1.08  1.23  1.25  1.34  1.57  1.81  1.87  1.63  1.39  1.29  1.10  0.98  1.03  1.04  0.90  0.64  0.37  0.08  0.00
  0.52  0.33  0.55  0.84  1.08  1.28  1.42  1.51  1.70  1.92  1.90  1.63  1.48  1.49  1.36  1.12  1.03  1.01  0.97  0.70  0.33  0.03  0.00
  0.52  0.45  0.64  0.88  1.04  1.26  1.49  1.63  1.84  2.06  1.98  1.75  1.70  1.69  1.50  1.20  1.12  1.11  0.99  0.71  0.34  0.04  0.00
  0.52  0.61  0.79  0.93  1.05  1.23  1.47  1.69  1.99  2.29  2.26  2.02  2.00  1.90  1.60  1.32  1.25  1.21  1.01  0.67  0.34  0.08  0.00
  0.52  0.63  0.83  1.00  1.19  1.30  1.44  1.72  2.11  2.56  2.82  2.43  2.28  2.11  1.75  1.46  1.37  1.33  1.05  0.67  0.36  0.04  0.00
  0.52  0.65  0.86  1.10  1.30  1.39  1.47  1.72  2.17  2.81  3.96  2.83  2.49  2.27  1.93  1.60  1.46  1.35  0.99  0.64  0.38  0.06  0.00
  0.52  0.69  0.93  1.13  1.30  1.42  1.54  1.73  2.09  2.45  2.74  2.52  2.41  2.23  1.99  1.73  1.46  1.24  0.92  0.63  0.37  0.08  0.00
  0.52  0.65  0.89  1.08  1.25  1.41  1.51  1.68  1.97  2.18  2.24  2.21  2.18  2.07  1.93  1.72  1.46  1.29  1.02  0.66  0.39  0.13  0.00
  0.52  0.59  0.77  0.92  1.18  1.42  1.56  1.65  1.79  1.95  1.96  1.94  1.98  1.97  1.87  1.66  1.43  1.24  0.97  0.63  0.38  0.18  0.00
  0.52  0.48  0.70  0.91  1.18  1.43  1.53  1.57  1.64  1.74  1.76  1.78  1.84  1.84  1.81  1.67  1.36  1.10  0.92  0.66  0.31  0.08  0.00
  0.52  0.59  0.68  0.88  1.19  1.43  1.52  1.49  1.50  1.60  1.63  1.68  1.73  1.71  1.68  1.54  1.28  1.06  0.92  0.67  0.32  0.02  0.00
  0.52  0.67  0.76  0.88  1.16  1.38  1.47  1.47  1.46  1.55  1.57  1.58  1.61  1.57  1.50  1.38  1.22  1.03  0.95  0.71  0.34  0.02  0.00
  0.52  0.69  0.82  0.91  1.12  1.34  1.41  1.43  1.48  1.50  1.54  1.52  1.45  1.41  1.36  1.32  1.17  0.98  0.95  0.84  0.43  0.00  0.00
  0.52  0.71  0.78  0.88  1.08  1.27  1.37  1.41  1.40  1.43  1.56  1.50  1.34  1.28  1.30  1.33  1.14  0.93  0.97  0.88  0.43  0.00  0.00
