  1      0.486090E+00   0.689279E+00   0.432127E+00   0.302762E-01   0.189089E+02   0.336695E+00   0.159531E+02   0.191593E-01   0.500000E+02    0  -0.200000E+11
  2      0.431310E-01   0.147164E+00   0.246947E+00   0.130643E-01   0.180298E+01   0.638001E+01   0.719831E-01   0.367361E+01   0.500000E+02    0  -0.200000E+11
  3      0.209492E+00   0.536101E+00   0.548708E+00   0.697810E-01   0.138954E+02   0.379289E+00   0.880653E+01   0.255530E-01   0.500000E+02    0  -0.110146E+00
  4      0.185414E+00   0.740134E+00   0.433879E+00   0.380792E-01   0.157795E+02   0.372737E+00   0.108081E+02   0.244639E-01   0.500000E+02    0  -0.149128E-01
  5      0.432105E-01   0.182333E+00   0.257417E+00   0.663388E-02   0.212231E+01   0.525686E+01   0.118806E+00   0.271027E+01   0.500000E+02    0  -0.641639E-01
  6      0.384155E+00   0.703207E+00   0.429211E+00   0.304833E-01   0.177044E+02   0.356026E+00   0.163224E+02   0.212570E-01   0.500000E+02    0  -0.144312E+00
  7      0.865274E-01   0.215806E+00   0.207680E+00   0.218209E-01   0.223938E+01   0.473387E+01   0.133834E+00   0.178688E+01   0.500000E+02    0  -0.354421E-01
  8      0.611092E-01   0.230546E+00   0.241512E+00   0.225940E-01   0.252583E+01   0.413290E+01   0.189032E+00   0.165599E+01   0.500000E+02    0  -0.644496E-02
  9      0.169814E+00   0.411425E+00   0.567515E+00   0.294208E-01   0.110420E+02   0.583650E+00   0.578689E+01   0.614361E-01   0.500000E+02    0  -0.168891E-01
 10      0.619946E-01   0.226488E+00   0.230970E+00   0.135806E-01   0.237355E+01   0.443836E+01   0.142178E+00   0.182179E+01   0.500000E+02    0  -0.212607E-01
 11      0.257590E+00   0.637047E+00   0.405565E+00   0.249466E+00   0.166236E+02   0.361973E+00   0.121054E+02   0.234735E-01   0.500000E+02    0  -0.671421E-01
 12      0.192979E+00   0.442269E+00   0.612332E+00   0.593102E-01   0.134447E+02   0.426529E+00   0.814119E+01   0.359529E-01   0.500000E+02    0  -0.390068E-01
 13      0.154182E+00   0.484988E+00   0.481119E+00   0.474546E-01   0.105164E+02   0.602635E+00   0.470691E+01   0.593071E-01   0.500000E+02    0  -0.805463E-02
 14      0.105213E+00   0.312720E+00   0.316052E+00   0.227120E-01   0.452332E+01   0.204019E+01   0.724156E+00   0.506191E+00   0.500000E+02    0  -0.357890E-01
 15      0.204551E+00   0.559402E+00   0.434462E+00   0.300217E-01   0.115643E+02   0.567092E+00   0.701637E+01   0.491359E-01   0.500000E+02    0  -0.357018E-01
 16      0.137291E+00   0.412229E+00   0.472667E+00   0.373778E-01   0.890705E+01   0.798521E+00   0.380433E+01   0.103731E+00   0.500000E+02    0  -0.299122E-01
 17      0.106098E+00   0.280963E+00   0.257586E+00   0.311252E-01   0.355161E+01   0.280709E+01   0.385705E+00   0.817919E+00   0.500000E+02    0  -0.455219E-01
 18      0.168153E+00   0.492290E+00   0.580314E+00   0.292689E-01   0.127635E+02   0.447640E+00   0.642158E+01   0.363641E-01   0.500000E+02    0  -0.102830E-01
 19      0.387234E+00   0.704557E+00   0.434392E+00   0.303343E-01   0.182890E+02   0.348376E+00   0.165354E+02   0.215535E-01   0.500000E+02    0  -0.336904E-01
 20      0.104244E+00   0.310934E+00   0.243903E+00   0.224526E-01   0.367308E+01   0.272043E+01   0.462880E+00   0.776141E+00   0.500000E+02    0  -0.279852E-01
 21      0.129280E+00   0.247237E+00   0.348605E+00   0.335425E-01   0.442368E+01   0.216068E+01   0.660252E+00   0.627515E+00   0.500000E+02    0  -0.196730E-01
 22      0.839667E-01   0.227834E+00   0.211006E+00   0.216555E-01   0.234934E+01   0.445964E+01   0.141165E+00   0.170425E+01   0.500000E+02    0  -0.319599E-01
 23      0.140118E+00   0.393447E+00   0.476015E+00   0.381096E-01   0.873944E+01   0.829281E+00   0.280077E+01   0.118167E+00   0.500000E+02    0  -0.221079E-01
 24      0.167786E+00   0.460594E+00   0.608821E+00   0.487587E-01   0.130655E+02   0.435905E+00   0.644287E+01   0.364749E-01   0.500000E+02    0  -0.257797E-01
 25      0.851155E-01   0.224304E+00   0.206044E+00   0.217709E-01   0.230064E+01   0.460899E+01   0.149323E+00   0.173402E+01   0.500000E+02    0  -0.140183E-01
 26      0.144741E+00   0.367619E+00   0.405729E+00   0.358940E-01   0.708661E+01   0.111028E+01   0.152516E+01   0.189934E+00   0.500000E+02    0  -0.295060E-01
 27      0.170320E+00   0.448760E+00   0.429826E+00   0.482363E-01   0.918761E+01   0.761310E+00   0.312778E+01   0.885760E-01   0.500000E+02    0  -0.292901E-01
 28      0.113240E+00   0.308888E+00   0.274766E+00   0.314781E-01   0.420583E+01   0.233033E+01   0.550534E+00   0.624043E+00   0.500000E+02    0  -0.331004E-01
 29      0.134909E+00   0.355373E+00   0.344106E+00   0.281881E-01   0.573379E+01   0.148493E+01   0.112455E+01   0.289011E+00   0.500000E+02    0  -0.197243E-01
 30      0.139909E+00   0.326083E+00   0.371466E+00   0.365744E-01   0.588295E+01   0.145787E+01   0.124055E+01   0.303999E+00   0.500000E+02    0  -0.272776E-01
 31      0.145447E+00   0.437204E+00   0.378269E+00   0.265862E-01   0.773063E+01   0.102191E+01   0.261343E+01   0.142425E+00   0.500000E+02    0  -0.270824E-01
 32      0.144332E+00   0.355835E+00   0.406819E+00   0.366788E-01   0.684636E+01   0.116152E+01   0.181911E+01   0.203813E+00   0.500000E+02    0  -0.238372E-01
 33      0.145359E+00   0.398675E+00   0.419076E+00   0.345035E-01   0.791165E+01   0.977578E+00   0.259740E+01   0.146892E+00   0.500000E+02    0  -0.267566E-01
 34      0.111201E+00   0.259833E+00   0.254208E+00   0.320503E-01   0.333766E+01   0.304104E+01   0.405452E+00   0.943189E+00   0.500000E+02    0  -0.266010E-01
 35      0.137771E+00   0.394176E+00   0.470411E+00   0.377696E-01   0.849473E+01   0.846482E+00   0.278226E+01   0.116921E+00   0.500000E+02    0  -0.263217E-01
 36      0.105933E+00   0.322564E+00   0.372271E+00   0.437655E-01   0.562855E+01   0.154500E+01   0.104885E+01   0.341763E+00   0.500000E+02    0  -0.262774E-01
 37      0.133248E+00   0.375933E+00   0.340020E+00   0.354600E-01   0.598899E+01   0.139935E+01   0.139731E+01   0.257973E+00   0.500000E+02    0  -0.259609E-01
 38      0.917168E-01   0.247109E+00   0.286952E+00   0.310154E-01   0.336316E+01   0.294107E+01   0.339725E+00   0.963967E+00   0.500000E+02    0  -0.252844E-01
 39      0.714487E-01   0.203891E+00   0.288388E+00   0.182203E-01   0.282035E+01   0.376586E+01   0.244014E+00   0.159105E+01   0.500000E+02    0  -0.237779E-01
 40      0.651643E-01   0.240416E+00   0.279473E+00   0.115673E-01   0.294995E+01   0.345821E+01   0.258296E+00   0.126851E+01   0.500000E+02    0  -0.118204E-01
 41      0.112199E+00   0.222406E+00   0.256751E+00   0.247351E-01   0.293383E+01   0.352093E+01   0.223928E+00   0.125607E+01   0.500000E+02    0  -0.191026E-01
 42      0.841756E-01   0.308297E+00   0.333900E+00   0.309793E-01   0.459931E+01   0.198700E+01   0.646443E+00   0.528944E+00   0.500000E+02    0  -0.300701E-01
 43      0.107475E+00   0.313068E+00   0.363822E+00   0.361717E-02   0.497780E+01   0.182357E+01   0.973036E+00   0.412939E+00   0.500000E+02    0  -0.244624E-01
 44      0.721430E-01   0.253568E+00   0.254142E+00   0.306385E-01   0.301329E+01   0.338993E+01   0.251251E+00   0.120639E+01   0.500000E+02    0  -0.244564E-01
 45      0.956425E-01   0.256318E+00   0.260605E+00   0.363217E-01   0.330488E+01   0.308700E+01   0.322815E+00   0.102095E+01   0.500000E+02    0  -0.380761E-02
 46      0.780264E-01   0.285121E+00   0.265013E+00   0.328593E-01   0.343981E+01   0.285430E+01   0.426848E+00   0.858320E+00   0.500000E+02    0  -0.149092E-01
 47      0.136730E+00   0.433518E+00   0.521816E+00   0.516374E-01   0.102942E+02   0.626007E+00   0.435775E+01   0.688600E-01   0.500000E+02    0  -0.687678E-02
 48      0.136558E+00   0.385615E+00   0.353293E+00   0.269389E-01   0.638831E+01   0.131484E+01   0.172067E+01   0.222576E+00   0.500000E+02    0  -0.238439E-01
 49      0.146175E+00   0.360362E+00   0.394750E+00   0.356741E-01   0.675293E+01   0.119124E+01   0.192591E+01   0.205820E+00   0.500000E+02    0  -0.123109E-01
 50      0.132910E+00   0.315408E+00   0.349113E+00   0.284460E-01   0.527725E+01   0.167475E+01   0.991256E+00   0.368901E+00   0.500000E+02    0  -0.183332E-01
 51      0.176673E+00   0.459398E+00   0.610808E+00   0.487025E-01   0.132515E+02   0.426927E+00   0.881217E+01   0.354522E-01   0.500000E+02    0  -0.122606E-01
 52      0.119391E+00   0.433807E+00   0.422609E+00   0.337873E-01   0.823201E+01   0.912472E+00   0.251753E+01   0.131000E+00   0.500000E+02    0  -0.320401E-01
 53      0.147263E+00   0.389926E+00   0.547166E+00   0.637735E-01   0.101000E+02   0.639588E+00   0.393348E+01   0.774948E-01   0.500000E+02    0  -0.374467E-01
 54      0.167310E+00   0.470995E+00   0.581288E+00   0.484449E-01   0.125027E+02   0.452837E+00   0.779024E+01   0.375864E-01   0.500000E+02    0  -0.225284E-01
 55      0.434386E-01   0.179295E+00   0.257856E+00   0.655486E-02   0.211981E+01   0.533329E+01   0.132794E+00   0.274700E+01   0.500000E+02    0  -0.110782E-01
 56      0.135768E+00   0.321015E+00   0.349088E+00   0.283246E-01   0.543533E+01   0.164102E+01   0.125485E+01   0.367373E+00   0.500000E+02    0  -0.140183E-01
 57      0.113283E+00   0.211873E+00   0.300965E+00   0.158240E-01   0.329330E+01   0.317426E+01   0.358763E+00   0.120630E+01   0.500000E+02    0  -0.213801E-01
 58      0.133785E+00   0.293951E+00   0.399103E+00   0.109387E-01   0.559522E+01   0.159964E+01   0.129057E+01   0.357270E+00   0.500000E+02    0  -0.212290E-01
 59      0.136738E+00   0.377925E+00   0.419212E+00   0.269116E-01   0.729521E+01   0.107568E+01   0.193169E+01   0.176440E+00   0.500000E+02    0  -0.158006E-01
 60      0.124311E+00   0.340189E+00   0.272455E+00   0.129379E-01   0.433517E+01   0.217376E+01   0.634917E+00   0.496363E+00   0.500000E+02    0  -0.209150E-01
 61      0.127331E+00   0.337346E+00   0.264118E+00   0.129264E-01   0.423109E+01   0.225490E+01   0.570498E+00   0.519991E+00   0.500000E+02    0  -0.207775E-01
 62      0.150232E+00   0.295116E+00   0.266094E+00   0.311608E-01   0.412339E+01   0.239516E+01   0.691789E+00   0.637367E+00   0.500000E+02    0  -0.206298E-01
 63      0.868604E-01   0.267957E+00   0.225652E+00   0.115111E-01   0.283008E+01   0.365010E+01   0.207046E+00   0.116274E+01   0.500000E+02    0  -0.933834E-01
 64      0.123009E+00   0.333600E+00   0.302116E+00   0.316101E-01   0.485531E+01   0.189919E+01   0.871923E+00   0.433347E+00   0.500000E+02    0  -0.203850E-01
 65      0.104023E+00   0.438027E+00   0.421015E+00   0.347668E-01   0.802642E+01   0.929633E+00   0.241636E+01   0.138635E+00   0.500000E+02    0  -0.202809E-01
 66      0.103320E+00   0.324539E+00   0.275071E+00   0.311496E-01   0.430087E+01   0.224072E+01   0.518706E+00   0.582984E+00   0.500000E+02    0  -0.195370E-01
 67      0.169785E+00   0.431561E+00   0.566987E+00   0.295397E-01   0.116024E+02   0.551750E+00   0.520512E+01   0.548153E-01   0.500000E+02    0  -0.183831E-01
 68      0.154814E+00   0.454119E+00   0.455994E+00   0.550279E-01   0.968760E+01   0.696798E+00   0.362263E+01   0.805231E-01   0.500000E+02    0  -0.290798E-01
 69      0.667444E-01   0.265349E+00   0.244041E+00   0.132662E-01   0.289316E+01   0.359695E+01   0.254437E+00   0.123320E+01   0.500000E+02    0  -0.188381E-01
 70      0.905248E-01   0.246224E+00   0.287603E+00   0.310137E-01   0.343908E+01   0.291517E+01   0.347791E+00   0.100817E+01   0.500000E+02    0  -0.398676E-01
 71      0.140485E+00   0.422394E+00   0.433884E+00   0.378831E-01   0.839078E+01   0.870949E+00   0.293020E+01   0.115605E+00   0.500000E+02    0  -0.186078E-01
 72      0.155700E+00   0.474451E+00   0.442851E+00   0.654442E-01   0.100551E+02   0.675139E+00   0.386630E+01   0.749000E-01   0.500000E+02    0  -0.143765E-01
 73      0.138660E+00   0.381943E+00   0.354147E+00   0.269130E-01   0.621982E+01   0.132797E+01   0.184959E+01   0.232018E+00   0.500000E+02    0  -0.275540E-01
 74      0.900752E-01   0.294108E+00   0.284369E+00   0.186493E-01   0.386791E+01   0.255012E+01   0.533922E+00   0.735761E+00   0.500000E+02    0  -0.171162E-01
 75      0.135818E+00   0.349314E+00   0.404709E+00   0.268866E-01   0.655807E+01   0.123345E+01   0.155135E+01   0.221068E+00   0.500000E+02    0  -0.313676E-01
 76      0.123796E+00   0.245059E+00   0.314054E+00   0.316008E-01   0.395004E+01   0.250482E+01   0.522425E+00   0.775867E+00   0.500000E+02    0  -0.169939E-01
 77      0.699017E-01   0.244430E+00   0.288695E+00   0.187941E-01   0.327989E+01   0.320456E+01   0.355905E+00   0.118024E+01   0.500000E+02    0  -0.168612E-01
 78      0.136266E+00   0.388972E+00   0.402711E+00   0.358219E-01   0.712046E+01   0.107663E+01   0.196093E+01   0.170450E+00   0.500000E+02    0  -0.414402E-02
 79      0.699774E-01   0.229167E+00   0.236890E+00   0.225485E-01   0.259518E+01   0.410961E+01   0.199280E+00   0.162847E+01   0.500000E+02    0  -0.906165E-02
 80      0.131739E+00   0.310555E+00   0.347415E+00   0.279809E-01   0.516534E+01   0.171868E+01   0.102431E+01   0.382807E+00   0.500000E+02    0  -0.164078E-01
 81      0.817537E-01   0.302646E+00   0.263466E+00   0.319530E-01   0.373238E+01   0.266735E+01   0.496962E+00   0.786958E+00   0.500000E+02    0  -0.161938E-01
 82      0.150236E+00   0.292055E+00   0.267182E+00   0.310820E-01   0.409044E+01   0.241213E+01   0.552831E+00   0.619393E+00   0.500000E+02    0  -0.161526E-01
 83      0.168266E+00   0.460432E+00   0.556648E+00   0.490860E-01   0.116965E+02   0.497468E+00   0.654402E+01   0.445827E-01   0.500000E+02    0  -0.173777E-01
 84      0.834644E-01   0.307465E+00   0.340964E+00   0.308557E-01   0.476778E+01   0.196967E+01   0.894378E+00   0.506009E+00   0.500000E+02    0  -0.564714E-02
 85      0.154355E+00   0.474494E+00   0.483363E+00   0.460443E-01   0.104463E+02   0.614153E+00   0.434312E+01   0.626915E-01   0.500000E+02    0  -0.969174E-02
 86      0.136558E+00   0.295126E+00   0.364042E+00   0.101539E-01   0.510667E+01   0.177363E+01   0.811437E+00   0.410499E+00   0.500000E+02    0  -0.840054E-02
 87      0.122847E+00   0.243311E+00   0.303502E+00   0.315421E-01   0.375746E+01   0.260332E+01   0.460695E+00   0.842467E+00   0.500000E+02    0  -0.527451E-02
 88      0.136069E+00   0.321004E+00   0.351900E+00   0.291501E-01   0.547002E+01   0.161456E+01   0.126197E+01   0.356552E+00   0.500000E+02    0  -0.163682E-01
 89      0.139373E+00   0.418713E+00   0.433716E+00   0.388220E-01   0.827811E+01   0.882404E+00   0.308439E+01   0.123697E+00   0.500000E+02    0  -0.151971E-01
 90      0.143080E+00   0.359704E+00   0.433141E+00   0.362023E-01   0.742037E+01   0.105791E+01   0.230720E+01   0.177935E+00   0.500000E+02    0  -0.246370E-01
 91      0.698459E-01   0.231967E+00   0.237193E+00   0.227208E-01   0.259699E+01   0.405288E+01   0.183637E+00   0.160786E+01   0.500000E+02    0  -0.188651E-01
 92      0.946206E-01   0.295432E+00   0.279888E+00   0.185243E-01   0.378861E+01   0.255889E+01   0.466805E+00   0.704930E+00   0.500000E+02    0  -0.168593E-01
 93      0.620104E-01   0.253846E+00   0.230366E+00   0.122874E-01   0.260158E+01   0.401742E+01   0.175072E+00   0.143569E+01   0.500000E+02    0  -0.184150E-01
 94      0.693453E-01   0.147462E+00   0.251276E+00   0.153906E-01   0.197496E+01   0.567651E+01   0.886993E-01   0.323827E+01   0.500000E+02    0  -0.280155E-01
 95      0.166995E+00   0.459909E+00   0.440116E+00   0.487474E-01   0.950988E+01   0.719689E+00   0.409397E+01   0.843765E-01   0.500000E+02    0  -0.106176E+00
 96      0.140730E+00   0.395532E+00   0.434450E+00   0.380792E-01   0.796707E+01   0.936942E+00   0.257361E+01   0.136398E+00   0.500000E+02    0  -0.996060E-01
 97      0.170121E+00   0.410910E+00   0.512773E+00   0.292801E-01   0.991168E+01   0.685343E+00   0.409465E+01   0.809730E-01   0.500000E+02    0  -0.673552E-01
 98      0.166957E+00   0.460872E+00   0.442088E+00   0.486130E-01   0.957280E+01   0.712083E+00   0.379394E+01   0.819096E-01   0.500000E+02    0  -0.643840E-01
 99      0.154967E+00   0.460180E+00   0.455267E+00   0.544910E-01   0.985630E+01   0.691805E+00   0.441701E+01   0.789643E-01   0.500000E+02    0  -0.603736E-02
100      0.935681E-01   0.246838E+00   0.226825E+00   0.117864E-01   0.267315E+01   0.385850E+01   0.195446E+00   0.133982E+01   0.500000E+02    0  -0.181097E-01
