  1           0.160254E+00        0.638758E+00        0.365181E+00        0.363386E+00        0.169239E+02        0.411314E+00        0.147541E+02        0.306101E-01        0.250000E+02    0       -0.200000E+11
  2           0.490925E+00        0.100843E+00        0.870960E+00        0.346729E+00        0.862469E+10        0.862469E+18        0.218899E+21        0.218899E+37        0.250000E+02   99        0.000000E+00
  3           0.672242E+00        0.665736E+00        0.400884E-01        0.533573E+00        0.230766E+02        0.107990E+01        0.308840E+02        0.182001E+00        0.250000E+02   17        0.000000E+00
  4           0.640262E+00        0.820141E+00        0.569345E+00        0.427016E+00        0.194907E+11        0.194907E+19        0.105640E+22        0.105640E+38        0.250000E+02   99        0.000000E+00
  5           0.368868E+00        0.156497E+00        0.649848E+00        0.986658E+00        0.145494E+11        0.145494E+19        0.567777E+21        0.567777E+37        0.250000E+02   99        0.000000E+00
  6           0.602114E-01        0.110427E+00        0.849793E+00        0.258658E+00        0.152006E+02        0.878222E+00        0.114988E+02        0.294897E+00        0.250000E+02    2       -0.211067E+00
  7           0.388873E+00        0.208200E+00        0.945744E+00        0.153412E+00        0.117010E+11        0.117010E+19        0.413756E+21        0.413756E+37        0.250000E+02   99        0.000000E+00
  8           0.261683E+00        0.583160E+00        0.166735E+00        0.277796E+00        0.115103E+02        0.108763E+01        0.750120E+01        0.147544E+00        0.250000E+02    2       -0.200000E+11
  9           0.439338E-01        0.603618E+00        0.473195E+00        0.644645E+00        0.716827E+10        0.716827E+18        0.154620E+21        0.154620E+37        0.250000E+02   99        0.000000E+00
 10           0.513514E+00        0.575094E+00        0.996534E+00        0.108934E+00        0.242492E+11        0.242492E+19        0.123504E+22        0.123504E+38        0.250000E+02   99        0.000000E+00
 11           0.139578E+00        0.165068E+00        0.786673E+00        0.675616E+00        0.910654E+10        0.910654E+18        0.239887E+21        0.239887E+37        0.250000E+02   99        0.000000E+00
 12           0.184468E-01        0.572916E+00        0.560075E+00        0.634402E+00        0.986029E+10        0.986029E+18        0.282882E+21        0.282882E+37        0.250000E+02   99        0.000000E+00
 13           0.697357E+00        0.905805E+00        0.733557E+00        0.907124E+00        0.647400E+11        0.647400E+19        0.413583E+21        0.413583E+37        0.250000E+02   99        0.000000E+00
 14           0.438593E+00        0.406731E+00        0.143429E-01        0.882457E+00        0.219941E+02        0.140931E+01        0.321383E+02        0.433375E+00        0.250000E+02   20        0.000000E+00
 15           0.594824E+00        0.761564E+00        0.890191E+00        0.846280E+00        0.671524E+11        0.671524E+19        0.290156E+21        0.290156E+37        0.250000E+02   99        0.000000E+00
 16           0.587329E+00        0.295866E+00        0.350195E+00        0.563308E+00        0.203634E+02        0.615711E+00        0.292335E+02        0.752364E-01        0.250000E+02    5       -0.119642E+00
 17           0.526157E+00        0.875020E+00        0.746899E+00        0.964645E+00        0.646680E+11        0.646680E+19        0.340294E+21        0.340294E+37        0.250000E+02   99        0.000000E+00
 18           0.801694E+00        0.996429E+00        0.866941E+00        0.734466E+00        0.754495E+11        0.754495E+19        0.301347E+21        0.301347E+37        0.250000E+02   99        0.000000E+00
 19           0.459140E+00        0.744043E+00        0.253100E+00        0.153088E+00        0.181052E+02        0.507926E+00        0.153392E+02        0.403708E-01        0.250000E+02    3       -0.422335E+00
 20           0.671834E+00        0.443062E+00        0.244316E+00        0.506416E+00        0.209700E+02        0.621810E+00        0.208959E+02        0.640082E-01        0.250000E+02    6       -0.320957E+00
 21           0.613376E+00        0.184180E+00        0.263220E+00        0.415403E+00        0.138733E+02        0.146280E+01        0.131928E+02        0.344031E+00        0.250000E+02    5       -0.104631E+00
 22           0.995831E+00        0.870868E+00        0.927601E+00        0.480626E+00        0.710846E+11        0.710846E+19        0.360962E+21        0.360962E+37        0.250000E+02   99        0.000000E+00
 23           0.774605E-01        0.598175E+00        0.897745E+00        0.548868E+00        0.216576E+11        0.216576E+19        0.125019E+22        0.125019E+38        0.250000E+02   99        0.000000E+00
 24           0.773400E+00        0.104500E-03        0.241992E+00        0.405112E+00        0.135817E+02        0.436744E+01        0.108733E+02        0.335915E+01        0.250000E+02   10        0.000000E+00
 25           0.705929E+00        0.426303E-01        0.422516E+00        0.865359E+00        0.458532E+08        0.458532E+16        0.561272E+18        0.561272E+34        0.250000E+02   99       -0.200000E+11
 26           0.901082E+00        0.117013E+00        0.390086E+00        0.190941E+00        0.171367E+02        0.127281E+01        0.138328E+02        0.286828E+00        0.250000E+02    8       -0.200000E+11
 27           0.292429E+00        0.549377E+00        0.643903E+00        0.231906E-01        0.498679E+10        0.498679E+18        0.879678E+20        0.879678E+36        0.250000E+02   99        0.000000E+00
 28           0.410900E+00        0.143475E+00        0.954856E+00        0.114198E+00        0.854076E+10        0.854076E+18        0.208122E+21        0.208122E+37        0.250000E+02   99        0.000000E+00
 29           0.684103E+00        0.292016E+00        0.948535E+00        0.384606E-01        0.160279E+11        0.160279E+19        0.735781E+21        0.735781E+37        0.250000E+02   99        0.000000E+00
 30           0.522467E+00        0.350091E+00        0.321316E+00        0.121045E+00        0.110293E+02        0.979309E+00        0.358393E+01        0.132595E+00        0.250000E+02    1       -0.681426E+00
 31           0.169091E+00        0.704269E+00        0.542129E+00        0.936335E+00        0.201525E+11        0.201525E+19        0.108868E+22        0.108868E+38        0.250000E+02   99        0.000000E+00
 32           0.953474E-01        0.749928E+00        0.344380E+00        0.268198E+00        0.171802E+02        0.411736E+00        0.172872E+02        0.287457E-01        0.250000E+02    1       -0.200000E+11
 33           0.451614E+00        0.703723E+00        0.509184E+00        0.648643E+00        0.168757E+11        0.168758E+19        0.777887E+21        0.777887E+37        0.250000E+02   99        0.000000E+00
 34           0.321619E-01        0.100841E+00        0.551560E+00        0.499178E+00        0.129903E+02        0.176888E+01        0.131407E+02        0.897072E+00        0.250000E+02    5       -0.200000E+11
 35           0.500077E+00        0.971204E+00        0.466867E+00        0.957371E+00        0.328935E+11        0.328935E+19        0.100803E+22        0.100803E+38        0.250000E+02   99        0.000000E+00
 36           0.348402E+00        0.577510E+00        0.159310E+00        0.956416E+00        0.171524E+10        0.171524E+18        0.243764E+20        0.243764E+36        0.250000E+02   99        0.000000E+00
 37           0.429084E+00        0.193476E+00        0.673900E-02        0.837065E+00        0.581995E+11        0.581995E+19        0.788752E+24 Infinity                   0.250000E+02   99        0.000000E+00
 38           0.904757E+00        0.492064E+00        0.607321E-01        0.437731E+00        0.228086E+02        0.140958E+01        0.291218E+02        0.255189E+00        0.250000E+02   22        0.000000E+00
 39           0.591016E+00        0.718793E+00        0.356175E+00        0.252439E+00        0.163434E+10        0.163434E+18        0.124345E+20        0.124345E+36        0.250000E+02   99        0.000000E+00
 40           0.848511E-01        0.289245E+00        0.639382E+00        0.793251E+00        0.876543E+10        0.876543E+18        0.218847E+21        0.218847E+37        0.250000E+02   99        0.000000E+00
 41           0.493006E-01        0.672699E+00        0.556323E+00        0.453529E+00        0.107525E+11        0.107525E+19        0.344879E+21        0.344879E+37        0.250000E+02   99        0.000000E+00
 42           0.795073E+00        0.377346E+00        0.954888E+00        0.727688E+00        0.421430E+11        0.421430E+19        0.817858E+21        0.817858E+37        0.250000E+02   99        0.000000E+00
 43           0.862932E+00        0.755060E+00        0.317216E-01        0.685401E+00        0.351031E+02        0.738768E+00        0.730980E+02        0.970755E-01        0.250000E+02   16        0.000000E+00
 44           0.445334E+00        0.829251E+00        0.603127E-01        0.731360E+00        0.296090E+02        0.586548E+00        0.527662E+02        0.640875E-01        0.250000E+02    7       -0.200000E+11
 45           0.113253E+00        0.823336E+00        0.580160E+00        0.842909E+00        0.203907E+11        0.203907E+19        0.113279E+22        0.113279E+38        0.250000E+02   99        0.000000E+00
 46           0.665077E+00        0.551347E-01        0.628816E+00        0.658363E+00        0.772523E+09        0.772523E+17        0.702525E+19        0.702525E+35        0.250000E+02   99        0.000000E+00
 47           0.654422E+00        0.836485E+00        0.923200E-01        0.578633E+00        0.301022E+02        0.535528E+00        0.602477E+02        0.518251E-01        0.250000E+02    6       -0.200000E+11
 48           0.305768E+00        0.174213E+00        0.544289E+00        0.772389E+00        0.134211E+10        0.134211E+18        0.140546E+20        0.140546E+36        0.250000E+02   99        0.000000E+00
 49           0.108272E+00        0.711808E+00        0.925649E+00        0.663000E+00        0.398932E+11        0.398932E+19        0.885848E+21        0.885848E+37        0.250000E+02   99        0.000000E+00
 50           0.132176E+00        0.330059E+00        0.896103E+00        0.697723E+00        0.191088E+11        0.191088E+19        0.990190E+21        0.990190E+37        0.250000E+02   99        0.000000E+00
 51           0.802229E-01        0.183403E+00        0.256905E+00        0.618482E-01        0.271365E+01        0.417051E+01        0.194477E+00        0.206255E+01        0.250000E+02    0       -0.200000E+11
 52           0.826987E+00        0.559737E-02        0.808914E+00        0.932654E+00        0.152216E+11        0.152216E+19        0.681688E+21        0.681688E+37        0.250000E+02   99        0.000000E+00
 53           0.643713E-01        0.519690E+00        0.160118E+00        0.506218E+00        0.119702E+02        0.116974E+01        0.537201E+01        0.238120E+00        0.250000E+02    3       -0.200000E+11
 54           0.983478E+00        0.465169E+00        0.248962E+00        0.276912E+00        0.247135E+02        0.624256E+00        0.296086E+02        0.672101E-01        0.250000E+02    8       -0.200000E+11
 55           0.564427E+00        0.844516E+00        0.527880E+00        0.132073E+00        0.134586E+11        0.134586E+19        0.582903E+21        0.582903E+37        0.250000E+02   99        0.000000E+00
 56           0.245170E+00        0.624830E+00        0.831585E+00        0.165209E+00        0.190965E+11        0.190965E+19        0.991612E+21        0.991612E+37        0.250000E+02   99        0.000000E+00
 57           0.674837E+00        0.848319E+00        0.428496E+00        0.383485E+00        0.146221E+11        0.146221E+19        0.628527E+21        0.628527E+37        0.250000E+02   99        0.000000E+00
 58           0.226388E-02        0.547154E-01        0.922446E+00        0.180599E+00        0.148858E+02        0.164791E+01        0.112419E+02        0.133849E+01        0.250000E+02    6       -0.200000E+11
 59           0.758965E+00        0.604705E-01        0.682790E+00        0.158859E+00        0.190494E+02        0.730748E+00        0.192310E+02        0.133083E+00        0.250000E+02    5       -0.696466E-01
 60           0.716570E-01        0.163648E+00        0.409401E+00        0.377510E+00        0.839760E+01        0.191070E+01        0.403344E+01        0.798301E+00        0.250000E+02    0       -0.915277E+00
 61           0.272058E+00        0.247804E+00        0.507530E-01        0.173695E+00        0.518215E+14        0.518215E+22        0.582825E+28 Infinity                   0.250000E+02   99        0.000000E+00
 62           0.929043E+00        0.919459E+00        0.940804E+00        0.943063E+00        0.816258E+11        0.816258E+19        0.172277E+21        0.172277E+37        0.250000E+02   99        0.000000E+00
 63           0.369710E-01        0.773305E-01        0.234504E+00        0.748691E+00        0.120778E+02        0.389724E+01        0.108752E+02        0.477768E+01        0.250000E+02    7       -0.200000E+11
 64           0.327795E+00        0.841387E+00        0.775277E+00        0.899624E+00        0.573220E+11        0.573220E+19        0.465230E+21        0.465230E+37        0.250000E+02   99        0.000000E+00
 65           0.424438E+00        0.196435E+00        0.379058E+00        0.668129E+00        0.192309E+02        0.793432E+00        0.173335E+02        0.152444E+00        0.250000E+02    6       -0.350142E+00
 66           0.933940E+00        0.645267E+00        0.523253E+00        0.686861E+00        0.190604E+11        0.190604E+19        0.999853E+21        0.999853E+37        0.250000E+02   99        0.000000E+00
 67           0.247632E+00        0.912314E+00        0.455465E+00        0.809783E+00        0.185087E+11        0.185087E+19        0.977175E+21        0.977175E+37        0.250000E+02   99        0.000000E+00
 68           0.536126E+00        0.329502E+00        0.336108E+00        0.621365E+00        0.216243E+02        0.571929E+00        0.298356E+02        0.631768E-01        0.250000E+02    5       -0.200000E+11
 69           0.807545E+00        0.450549E+00        0.897568E+00        0.496479E+00        0.320795E+11        0.320795E+19        0.100704E+22        0.100704E+38        0.250000E+02   99        0.000000E+00
 70           0.297035E+00        0.990197E+00        0.389932E+00        0.775213E+00        0.186556E+11        0.186556E+19        0.915153E+21        0.915153E+37        0.250000E+02   99        0.000000E+00
 71           0.423880E+00        0.232061E+00        0.442762E-02        0.334135E+00        0.168443E+15        0.168443E+23        0.154994E+29 Infinity                   0.250000E+02   99       -0.200000E+11
 72           0.120775E+00        0.277180E+00        0.657346E+00        0.721040E-01        0.108583E+02        0.725264E+00        0.602462E+01        0.114224E+00        0.250000E+02    0       -0.198152E+00
 73           0.812839E+00        0.770476E+00        0.703394E+00        0.261874E+00        0.257337E+11        0.257337E+19        0.100401E+22        0.100401E+38        0.250000E+02   99        0.000000E+00
 74           0.627522E+00        0.798981E-01        0.414030E-01        0.650693E+00        0.161328E+14        0.161328E+22        0.276912E+27 Infinity                   0.250000E+02   99        0.000000E+00
 75           0.440260E+00        0.600204E+00        0.276126E+00        0.432564E+00        0.200036E+02        0.480152E+00        0.220887E+02        0.397155E-01        0.250000E+02    3       -0.200000E+11
 76           0.622425E+00        0.950607E+00        0.553131E+00        0.261758E+00        0.184119E+11        0.184119E+19        0.996654E+21        0.996654E+37        0.250000E+02   99        0.000000E+00
 77           0.653450E+00        0.244313E-02        0.744263E+00        0.993660E+00        0.142414E+11        0.142414E+19        0.545551E+21        0.545551E+37        0.250000E+02   99        0.000000E+00
 78           0.720613E+00        0.498098E+00        0.242278E+00        0.352334E+00        0.205369E+02        0.636944E+00        0.214518E+02        0.636378E-01        0.250000E+02    6       -0.171982E-01
 79           0.383596E+00        0.608581E+00        0.964735E+00        0.672066E+00        0.513252E+11        0.513253E+19        0.568700E+21        0.568700E+37        0.250000E+02   99        0.000000E+00
 80           0.177447E-01        0.443355E+00        0.645458E+00        0.596939E+00        0.771723E+10        0.771723E+18        0.184099E+21        0.184099E+37        0.250000E+02   99        0.000000E+00
 81           0.472054E+00        0.855262E+00        0.533656E+00        0.103562E+00        0.140303E+11        0.140303E+19        0.567177E+21        0.567176E+37        0.250000E+02   99        0.000000E+00
 82           0.707078E+00        0.385501E+00        0.682339E-01        0.545787E+00        0.187159E+02        0.161966E+01        0.215234E+02        0.381933E+00        0.250000E+02   14        0.000000E+00
 83           0.797099E+00        0.895125E+00        0.752216E+00        0.303375E+00        0.482702E+11        0.482702E+19        0.660967E+21        0.660967E+37        0.250000E+02   99        0.000000E+00
 84           0.269585E+00        0.891834E+00        0.532935E+00        0.715461E-01        0.121385E+11        0.121385E+19        0.432611E+21        0.432611E+37        0.250000E+02   99        0.000000E+00
 85           0.848465E+00        0.395846E+00        0.369400E+00        0.448709E+00        0.267639E+02        0.417460E+00        0.418846E+02        0.326913E-01        0.250000E+02    2       -0.200000E+11
 86           0.259435E+00        0.213991E+00        0.426646E+00        0.215900E+00        0.872040E+01        0.128324E+01        0.275722E+01        0.327832E+00        0.250000E+02    0       -0.168571E+00
 87           0.298422E+00        0.848132E+00        0.728218E+00        0.523960E+00        0.357497E+11        0.357497E+19        0.878326E+21        0.878326E+37        0.250000E+02   99        0.000000E+00
 88           0.372820E+00        0.655902E+00        0.582459E+00        0.894474E+00        0.206450E+11        0.206450E+19        0.112624E+22        0.112624E+38        0.250000E+02   99        0.000000E+00
 89           0.803104E+00        0.381001E+00        0.680347E+00        0.319049E+00        0.135342E+11        0.135342E+19        0.559577E+21        0.559577E+37        0.250000E+02   99        0.000000E+00
 90           0.681022E+00        0.661297E+00        0.728823E+00        0.581904E+00        0.333363E+11        0.333363E+19        0.949101E+21        0.949101E+37        0.250000E+02   99        0.000000E+00
 91           0.153978E+00        0.348417E+00        0.624260E+00        0.271904E+00        0.151246E+02        0.462446E+00        0.149255E+02        0.466751E-01        0.250000E+02    0       -0.266628E+00
 92           0.238663E+00        0.282867E-01        0.925688E+00        0.167696E+00        0.165946E+02        0.873640E+00        0.161388E+02        0.334230E+00        0.250000E+02    2       -0.473475E+00
 93           0.310159E+00        0.116603E+00        0.943849E+00        0.493785E+00        0.138519E+11        0.138519E+19        0.525033E+21        0.525033E+37        0.250000E+02   99        0.000000E+00
 94           0.705347E-01        0.989555E+00        0.144799E-01        0.577581E+00        0.227229E+02        0.903181E+00        0.296262E+02        0.129562E+00        0.250000E+02   15        0.000000E+00
 95           0.521572E-01        0.152655E+00        0.423215E+00        0.388028E+00        0.865989E+01        0.206685E+01        0.377073E+01        0.102086E+01        0.250000E+02    1       -0.200000E+11
 96           0.704479E+00        0.406937E+00        0.816964E+00        0.215195E+00        0.173384E+11        0.173384E+19        0.856196E+21        0.856196E+37        0.250000E+02   99        0.000000E+00
 97           0.741147E+00        0.403799E+00        0.679116E+00        0.997681E+00        0.220757E+11        0.220757E+19        0.126842E+22        0.126842E+38        0.250000E+02   99        0.000000E+00
 98           0.653171E+00        0.504648E+00        0.145858E+00        0.680769E+00        0.245536E+02        0.676176E+00        0.348167E+02        0.825678E-01        0.250000E+02    9        0.000000E+00
 99           0.856870E-01        0.252797E+00        0.504860E+00        0.765650E+00        0.901942E+08        0.901942E+16        0.107855E+19        0.107855E+35        0.250000E+02   99        0.000000E+00
100           0.143456E+00        0.437091E+00        0.201420E+00        0.720842E+00        0.175620E+02        0.823675E+00        0.192961E+02        0.145614E+00        0.250000E+02    4        0.000000E+00
