            0.018350            0.641353
           53.441583            0.000665
           49.059924            0.000715
           26.036826            0.001276
            0.175221            0.863272
            0.207197            0.257403
           17.083127            0.008050
           19.470333            0.003666
            1.881565            0.409223
            5.274128            0.077969
            0.412367            0.496575
            0.405046            0.578154
            5.280746            0.078261
            0.879913            0.837082
