            1.124561           11.727751
           22.156708            0.130484
           21.301024            0.138358
           16.543197            0.143846
            2.279312            2.960441
            2.220544            4.030640
           14.027429            0.184326
           14.698317            0.164418
            5.175669            0.997757
            8.129696            0.477811
            2.699203            2.924968
            3.169452            2.264952
            8.135844            0.477258
            3.798407            1.586181
