   0.189089E+02   0.336695E+00
   0.180298E+01   0.638001E+01
   0.138954E+02   0.379289E+00
   0.157795E+02   0.372737E+00
   0.212231E+01   0.525686E+01
   0.177044E+02   0.356026E+00
   0.223938E+01   0.473387E+01
   0.252583E+01   0.413290E+01
   0.110420E+02   0.583650E+00
   0.237355E+01   0.443836E+01
   0.166236E+02   0.361973E+00
   0.134447E+02   0.426529E+00
   0.105164E+02   0.602635E+00
   0.452332E+01   0.204019E+01
   0.115643E+02   0.567092E+00
   0.890705E+01   0.798521E+00
   0.355161E+01   0.280709E+01
   0.127635E+02   0.447640E+00
   0.182890E+02   0.348376E+00
   0.367308E+01   0.272043E+01
   0.442368E+01   0.216068E+01
   0.234934E+01   0.445964E+01
   0.873944E+01   0.829281E+00
   0.130655E+02   0.435905E+00
   0.230064E+01   0.460899E+01
   0.708661E+01   0.111028E+01
   0.918761E+01   0.761310E+00
   0.420583E+01   0.233033E+01
   0.573379E+01   0.148493E+01
   0.588295E+01   0.145787E+01
   0.773063E+01   0.102191E+01
   0.684636E+01   0.116152E+01
   0.791165E+01   0.977578E+00
   0.333766E+01   0.304104E+01
   0.849473E+01   0.846482E+00
   0.562855E+01   0.154500E+01
   0.598899E+01   0.139935E+01
   0.336316E+01   0.294107E+01
   0.282035E+01   0.376586E+01
   0.294995E+01   0.345821E+01
   0.293383E+01   0.352093E+01
   0.459931E+01   0.198700E+01
   0.497780E+01   0.182357E+01
   0.301329E+01   0.338993E+01
   0.330488E+01   0.308700E+01
   0.343981E+01   0.285430E+01
   0.102942E+02   0.626007E+00
   0.638831E+01   0.131484E+01
   0.675293E+01   0.119124E+01
   0.527725E+01   0.167475E+01
   0.132515E+02   0.426927E+00
   0.823201E+01   0.912472E+00
   0.101000E+02   0.639588E+00
   0.125027E+02   0.452837E+00
   0.211981E+01   0.533329E+01
   0.543533E+01   0.164102E+01
   0.329330E+01   0.317426E+01
   0.559522E+01   0.159964E+01
   0.729521E+01   0.107568E+01
   0.433517E+01   0.217376E+01
   0.423109E+01   0.225490E+01
   0.412339E+01   0.239516E+01
   0.283008E+01   0.365010E+01
   0.485531E+01   0.189919E+01
   0.802642E+01   0.929633E+00
   0.430087E+01   0.224072E+01
   0.116024E+02   0.551750E+00
   0.968760E+01   0.696798E+00
   0.289316E+01   0.359695E+01
   0.343908E+01   0.291517E+01
   0.839078E+01   0.870949E+00
   0.100551E+02   0.675139E+00
   0.621982E+01   0.132797E+01
   0.386791E+01   0.255012E+01
   0.655807E+01   0.123345E+01
   0.395004E+01   0.250482E+01
   0.327989E+01   0.320456E+01
   0.712046E+01   0.107663E+01
   0.259518E+01   0.410961E+01
   0.516534E+01   0.171868E+01
   0.373238E+01   0.266735E+01
   0.409044E+01   0.241213E+01
   0.116965E+02   0.497468E+00
   0.476778E+01   0.196967E+01
   0.104463E+02   0.614153E+00
   0.510667E+01   0.177363E+01
   0.375746E+01   0.260332E+01
   0.547002E+01   0.161456E+01
   0.827811E+01   0.882404E+00
   0.742037E+01   0.105791E+01
   0.259699E+01   0.405288E+01
   0.378861E+01   0.255889E+01
   0.260158E+01   0.401742E+01
   0.197496E+01   0.567651E+01
   0.950988E+01   0.719689E+00
   0.796707E+01   0.936942E+00
   0.991168E+01   0.685343E+00
   0.957280E+01   0.712083E+00
   0.985630E+01   0.691805E+00
   0.267315E+01   0.385850E+01
