   0.891085E+02   0.218987E+00
   0.562100E+00   0.299419E+02
   0.705511E+02   0.254180E+00
   0.567938E+02   0.293694E+00
   0.667288E+02   0.266159E+00
   0.164107E+01   0.160164E+02
   0.193755E+01   0.146789E+02
   0.848891E+00   0.224837E+02
   0.836687E+00   0.248297E+02
   0.203927E+01   0.135175E+02
   0.184000E+02   0.154289E+01
   0.720771E+00   0.275360E+02
   0.135325E+01   0.191746E+02
   0.232872E+01   0.126636E+02
   0.615792E+00   0.290873E+02
   0.158394E+01   0.175736E+02
   0.765872E+00   0.260741E+02
   0.290853E+01   0.109534E+02
   0.408037E+02   0.516483E+00
   0.161258E+02   0.195808E+01
   0.136925E+01   0.180306E+02
   0.485445E+01   0.660815E+01
   0.413102E+01   0.821193E+01
   0.338066E+02   0.756773E+00
   0.288012E+02   0.903010E+00
   0.207660E+02   0.146099E+01
   0.312468E+02   0.759550E+00
   0.371684E+01   0.892043E+01
   0.470382E+01   0.741963E+01
   0.258210E+01   0.120027E+02
   0.723102E+01   0.466523E+01
   0.689973E+00   0.284089E+02
   0.289211E+01   0.116478E+02
   0.267964E+02   0.913328E+00
   0.123229E+01   0.198100E+02
   0.295922E+01   0.103370E+02
   0.389783E+02   0.516592E+00
   0.425273E+02   0.488197E+00
   0.697142E+01   0.526681E+01
   0.706057E+00   0.280573E+02
   0.861046E+01   0.434168E+01
   0.581526E+01   0.652180E+01
   0.918502E+01   0.426436E+01
   0.294661E+02   0.856142E+00
   0.416853E+01   0.797480E+01
   0.827478E+01   0.443195E+01
   0.341126E+02   0.656872E+00
   0.139294E+02   0.235910E+01
   0.734031E+01   0.459212E+01
   0.340877E+01   0.100674E+02
   0.137061E+02   0.242022E+01
   0.344204E+01   0.998758E+01
   0.547522E+02   0.374640E+00
   0.739057E+01   0.452840E+01
   0.105305E+01   0.216690E+02
   0.140286E+02   0.233204E+01
   0.335113E+01   0.100955E+02
   0.243973E+02   0.117804E+01
   0.228460E+02   0.125655E+01
   0.251554E+02   0.107300E+01
   0.968488E+01   0.365132E+01
   0.305749E+02   0.799710E+00
   0.151372E+01   0.178111E+02
   0.600283E+01   0.635551E+01
   0.451650E+01   0.766271E+01
   0.949191E+01   0.401370E+01
   0.215576E+02   0.144711E+01
   0.120611E+01   0.201216E+02
   0.379586E+02   0.573081E+00
   0.264974E+01   0.117925E+02
   0.107483E+01   0.215029E+02
   0.437660E+02   0.473156E+00
   0.650631E+01   0.558069E+01
   0.222591E+02   0.129013E+01
   0.430361E+02   0.484756E+00
   0.299115E+02   0.851533E+00
   0.132176E+02   0.251209E+01
   0.103341E+02   0.333680E+01
   0.470692E+02   0.444576E+00
   0.481825E+02   0.410963E+00
   0.108387E+02   0.323590E+01
   0.386933E+02   0.534833E+00
   0.535833E+02   0.378760E+00
   0.217743E+02   0.132849E+01
   0.110218E+02   0.316858E+01
   0.114831E+02   0.306343E+01
   0.259079E+02   0.100226E+01
   0.128403E+02   0.267427E+01
   0.682660E+01   0.533017E+01
   0.680509E+01   0.557246E+01
   0.698274E+00   0.281281E+02
   0.351302E+02   0.651368E+00
   0.368349E+01   0.905439E+01
   0.124630E+02   0.278798E+01
   0.621210E+01   0.580753E+01
   0.460272E+01   0.761882E+01
   0.933178E+01   0.422983E+01
   0.616296E+01   0.611359E+01
   0.143881E+02   0.231376E+01
   0.123539E+02   0.285548E+01
