            1.328158           13.558640
           33.861496            0.182234
           32.509651            0.192312
           24.507204            0.213286
            2.934671            5.117805
            2.938245            5.073438
           20.342829            0.437959
           21.466885            0.323069
            7.264682            2.964971
           11.625278            1.334235
            3.691776            5.130079
            4.177371            3.936190
           11.634369            1.335612
            5.222159            4.454868
