            0.886578           11.137478
            9.045445            0.100821
            8.726281            0.108099
            7.105023            0.101837
            1.576982            2.301710
            1.461709            3.697957
            6.260909            0.119843
            6.459158            0.111303
            2.602472            0.680139
            3.824768            0.323230
            1.513840            2.523727
            2.053558            1.790647
            3.827619            0.322708
            2.019460            1.097481
