           1  0.9042500               0         766           0
           2   1.000000               0           0           0
           3   1.000000               0           0           0
           4   1.000000               0           0           0
           5  0.9262500               0         590           0
           6  0.9495000               0         404           0
           7   1.000000               0           0           0
           8   1.000000               0           0           0
           9   1.000000               0           0           0
          10   1.000000               0           0           0
          11  0.9928750               0          57           0
          12  0.9333750               0         533           0
          13   1.000000               0           0           0
          14  0.9928750               0          57           0
