           1   370.5156       6.175261    
           2   541.7188       9.028646    
           3   698.5469       11.64245    
           4   848.1875       14.13646    
           5   1133.469       18.89115    
           6   1420.844       23.68073    
           7   1712.328       28.53880    
           8   1998.031       33.30052    
           9   2276.844       37.94740    
          10   2556.125       42.60209    
          11   2826.984       47.11641    
          12   3107.812       51.79688    
          13   3376.594       56.27656    
          14   3636.484       60.60807    
          15   3889.094       64.81823    
          16   4139.422       68.99036    
          17   4382.594       73.04323    
          18   4632.828       77.21380    
          19   4882.234       81.37057    
          20   5124.969       85.41615    
          21   5368.344       89.47240    
          22   5617.766       93.62943    
          23   5863.984       97.73307    
          24   6108.734       101.8122    
          25   6352.359       105.8727    
          26   6596.031       109.9339    
          27   6834.953       113.9159    
          28   7067.375       117.7896    
          29   7302.938       121.7156    
          30   7535.156       125.5859    
          31   7762.969       129.3828    
          32   7995.484       133.2581    
          33   8316.438       138.6073    
          34   8597.141       143.2857    
          35   8857.359       147.6227    
          36   9100.000       151.6667    
          37   9410.859       156.8477    
          38   9708.547       161.8091    
          39   9972.141       166.2023    
          40   10216.89       170.2815    
          41   10447.20       174.1201    
          42   10685.50       178.0917    
          43   10984.22       183.0703    
          44   11284.78       188.0797    
          45   11553.70       192.5617    
          46   11805.11       196.7518    
          47   12047.08       200.7846    
          48   12274.69       204.5781    
          49   12528.62       208.8104    
          50   12808.66       213.4776    
          51   13075.64       217.9273    
          52   13326.33       222.1055    
          53   13563.72       226.0620    
          54   13789.94       229.8323    
          55   14013.77       233.5628    
          56   14235.58       237.2596    
          57   14460.34       241.0057    
          58   14679.59       244.6599    
          59   14907.52       248.4586    
          60   15179.81       252.9969    
          61   15460.55       257.6758    
          62   15715.22       261.9203    
          63   15950.94       265.8490    
          64   16181.14       269.6857    
          65   16404.06       273.4010    
          66   16624.50       277.0750    
          67   16843.22       280.7203    
          68   17061.75       284.3625    
          69   17284.31       288.0719    
          70   17503.91       291.7318    
          71   17723.78       295.3964    
          72   17947.17       299.1195    
          73   18167.41       302.7901    
          74   18403.47       306.7245    
          75   18626.36       310.4393    
          76   18839.69       313.9948    
          77   19055.67       317.5945    
          78   19272.48       321.2081    
          79   19485.56       324.7594    
          80   19706.42       328.4404    
          81   19926.66       332.1109    
          82   20153.42       335.8904    
          83   20378.72       339.6453    
          84   20598.23       343.3039    
          85   20813.30       346.8883    
          86   21034.19       350.5698    
          87   21254.42       354.2404    
          88   21481.50       358.0250    
          89   21711.92       361.8654    
          90   21939.16       365.6526    
          91   22166.94       369.4489    
          92   22382.86       373.0477    
          93   22601.52       376.6919    
          94   22821.78       380.3630    
          95   23045.72       384.0953    
          96   23269.56       387.8260    
          97   23490.98       391.5164    
          98   23710.55       395.1758    
          99   23928.61       398.8102    
         100   24149.59       402.4932    
