35.000  34.546  34.093  33.639  33.185  32.732  32.278  31.824  31.370  30.916  30.462  30.008  29.554  29.099  28.645
28.190  27.735  27.280  26.824  26.368  25.912  25.456  25.000
35.000  34.546  34.093  33.639  33.185  32.732  32.278  31.824  31.370  30.916  30.462  30.008  29.554  29.099  28.645
28.190  27.735  27.280  26.824  26.369  25.913  25.456  25.000
35.000  34.546  34.093  33.639  33.185  32.732  32.278  31.824  31.370  30.916  30.462  30.008  29.554  29.099  28.645
28.190  27.735  27.280  26.824  26.368  25.912  25.456  25.000
35.000  34.546  34.093  33.639  33.185  32.732  32.278  31.824  31.370  30.916  30.462  30.008  29.554  29.099  28.645
28.190  27.735  27.279  26.824  26.368  25.912  25.456  25.000
35.000  34.546  34.093  33.639  33.185  32.732  32.278  31.824  31.370  30.916  30.462  30.008  29.553  29.099  28.644
28.190  27.734  27.279  26.824  26.368  25.912  25.456  25.000
35.000  34.546  34.093  33.639  33.185  32.732  32.278  31.824  31.370  30.916  30.462  30.008  29.553  29.099  28.644
28.189  27.734  27.279  26.824  26.368  25.912  25.456  25.000
35.000  34.546  34.093  33.639  33.185  32.732  32.278  31.824  31.370  30.916  30.462  30.008  29.553  29.099  28.644
28.189  27.734  27.279  26.823  26.368  25.912  25.456  25.000
35.000  34.546  34.093  33.639  33.185  32.732  32.278  31.824  31.370  30.916  30.462  30.007  29.553  29.099  28.644
28.189  27.734  27.279  26.823  26.368  25.912  25.456  25.000
35.000  34.546  34.093  33.639  33.185  32.732  32.278  31.824  31.370  30.916  30.462  30.007  29.553  29.098  28.644
28.189  27.734  27.279  26.823  26.368  25.912  25.456  25.000
35.000  34.546  34.093  33.639  33.185  32.732  32.278  31.824  31.370  30.916  30.462  30.007  29.553  29.098  28.643
28.189  27.734  27.278  26.823  26.368  25.912  25.456  25.000
35.000  34.546  34.093  33.639  33.185  32.732  32.278  31.824  31.370  30.916  30.461  30.007  29.553  29.098  28.643
28.188  27.733  27.278  26.823  26.367  25.912  25.456  25.000
35.000  34.546  34.093  33.639  33.185  32.731  32.278  31.824  31.370  30.916  30.461  30.007  29.553  29.098  28.643
28.188  27.733  27.278  26.823  26.367  25.912  25.456  25.000
35.000  34.546  34.093  33.639  33.185  32.731  32.278  31.824  31.370  30.915  30.461  30.007  29.552  29.098  28.643
28.188  27.733  27.278  26.823  26.367  25.912  25.456  25.000
35.000  34.546  34.093  33.639  33.185  32.731  32.278  31.824  31.369  30.915  30.461  30.007  29.552  29.098  28.643
28.188  27.733  27.278  26.823  26.367  25.912  25.456  25.000
35.000  34.546  34.093  33.639  33.185  32.731  32.277  31.823  31.369  30.915  30.461  30.007  29.552  29.098  28.643
28.188  27.733  27.278  26.823  26.367  25.912  25.456  25.000
35.000  34.546  34.093  33.639  33.185  32.731  32.277  31.823  31.369  30.915  30.461  30.007  29.552  29.098  28.643
28.188  27.733  27.278  26.823  26.367  25.912  25.456  25.000
35.000  34.546  34.093  33.639  33.185  32.731  32.277  31.823  31.369  30.915  30.461  30.007  29.552  29.098  28.643
28.188  27.733  27.278  26.823  26.367  25.912  25.456  25.000